000000690
028100000
000000005
600400301
030050000
009000080
100030040
396507000
080000000

008906005
043000020
000000000
004000900
500040680
000100000
200080070
000034100
060009000

000000000
590034600
060000080
400008009
010000076
000000500
070900003
300800260
050070000

050900000
200000400
001608020
000030000
070000005
006201040
000090080
003040000
060803700

200000008
700090000
605030000
300000600
008407900
100680000
003200001
050000006
000800040

760500000
000060008
000000403
200400800
080000030
005001007
809000000
600010000
000003041 

090050800
803060002
040300000
000005004
608700500
900000000
030000000
507600400
000020010

000670050
087004003
100000000
400000001
900002000
021050030
000040800
032008007
090000000

083090750
500000002
000700006
300100870
000000600
001020000
000000005
800200130
090004000

100500600
020700000
008026003
900000008
000600000
050041300
005000040
040032100
000070000

160000700
094070020
000001000
000005002
009806400
400100000
000500000
040080390
003000046 