000700208
000800090
284160050
410080060
008516000
000090000
002000500
801070040
000030000

007000302
200005010
000801400
010096008
760000049
000000000
000103000
801060000
000700063

080000090
070060210
006048700
800000530
020000000
163000000
000401900
000000070
209700005

020060000
905040000
000007452
801020043
009800600
006400008
500000000
030005970
700000805

000500084
038000200
005000000
514060070
007080009
820070561
051006000
000000005
402053100

016400000
200009000
400000062
070230100
100000003
003087040
960000005
000800007
000006820 

049008605
003007000
000000030
000400800
060815020
001009000
010000000
000600400
804500390 

000605000
003020800
045090270
500000001
062000540
400000007
098060450
006040700
000203000 

409000705
000010000
006207800
200000009
003704200
800000004
002801500
000060000
905000406 

000010030
040070501
002008006
680000003
000302000
300000045
200500800
801040020
090020000