090050800
803060002
040300000
000005004
608700500
900000000
030000000
507600400
000020010

000670050
087004003
100000000
400000001
900002000
021050030
000040800
032008007
090000000

083090750
500000002
000700006
300100870
000000600
001020000
000000005
800200130
090004000

100500600
020700000
008026003
900000008
000600000
050041300
005000040
040032100
000070000

035000006
000070800
001009000
920000078
050000020
300000500
000500010
094000200
000607004

300400090
000000064
800090100
000000000
030002900
500010700
070050300
020100607
060040000