000042730
308000024
400360000
006050840
900403501
500000070
095006000
000284956
000005000

000900305
040000026
650400090
000068000
009342080
380107050
000600009
890700100
400010000

000010032
080900005
000024196
010700004
004000050
002050000
920005370
008003000
340208001

090060001
000380040
000400000
100290000
900000005
037100960
074030200
203510006
610004050

260104000
000000500
080007029
600500032
000963040
307842100
008090600
035000000
000000207

105000000
670029801
000001740
060000300
381050006
059010070
007032000
900000100
004000507

000800690
026309085
001000007
070002560
000098000
038060920
000027050
600000030
004600700

000005071
000001000
751482000
190203700
802010005
006000100
603024000
000350200
024000308

006300000
740801056
000026040
060000000
300100500
100008700
608000420
402087010
010050003

080070030
260050018
000000400
000602000
390010086
000709000
004000800
810040052
050090070